36 (8200)
38 (6824)
41 (5880)
67 (5316)
71 (5076)
90 (8416)
94 (8216)
97 (7768)
36 38 (6608)
36 41 (5664)
36 67 (5124)
36 90 (8200)
36 94 (8192)
36 97 (7576)
38 90 (6824)
38 94 (6632)
38 97 (6464)
41 90 (5880)
41 94 (5688)
41 97 (5232)
67 90 (5316)
67 94 (5124)
71 90 (5076)
90 94 (8216)
90 97 (7768)
94 97 (7568)
36 38 90 (6608)
36 38 94 (6608)
36 38 97 (6272)
36 41 90 (5664)
36 41 94 (5664)
36 67 90 (5124)
36 67 94 (5124)
36 90 94 (8192)
36 90 97 (7576)
36 94 97 (7568)
38 90 94 (6632)
38 90 97 (6464)
38 94 97 (6272)
41 90 94 (5688)
41 90 97 (5232)
67 90 94 (5124)
90 94 97 (7568)
36 38 90 94 (6608)
36 38 90 97 (6272)
36 38 94 97 (6272)
36 41 90 94 (5664)
36 67 90 94 (5124)
36 90 94 97 (7568)
38 90 94 97 (6272)
36 38 90 94 97 (6272)
